Исходная матрица:
[[9.61 5.44 8.38 7.79 2.66]
 [1.39 3.52 4.75 0.6  8.51]
 [6.98 3.24 5.33 7.1  4.71]
 [5.94 7.43 7.19 4.29 2.47]
 [5.61 5.01 5.93 1.8  9.88]]

Обработанная матрица (деление каждого столбца на его максимум):
[[1.         0.73216689 1.         1.         0.26923077]
 [0.144641   0.47375505 0.56682578 0.07702182 0.86133603]
 [0.72632674 0.43606999 0.63603819 0.9114249  0.47672065]
 [0.61810614 1.         0.85799523 0.55070603 0.25      ]
 [0.58376691 0.67429341 0.70763723 0.23106547 1.        ]]
